50
1 Alice 23 165 55
2 Bob 27 172 68
3 Carol 21 158 50
4 David 30 180 75
5 Eva 25 162 54
6 Frank 28 175 80
7 Grace 22 160 52
8 Henry 26 178 77
9 Irene 24 163 56
10 Jack 29 182 82
11 Karen 23 167 58
12 Leo 31 185 85
13 Mona 20 155 48
14 Nick 27 170 70
15 Olivia 22 159 53
16 Paul 28 176 79
17 Quinn 25 164 57
18 Rose 24 161 51
19 Steve 29 181 81
20 Tina 21 157 49
21 Uma 26 169 60
22 Victor 30 183 83
23 Wendy 23 166 56
24 Xavier 27 174 73
25 Yara 25 162 55
26 Zack 28 179 78
27 Amy 22 158 50
28 Brian 24 171 69
29 Clara 21 160 52
30 Derek 29 180 76
31 Ella 23 163 54
32 Felix 26 177 75
33 Gina 25 165 57
34 Harry 28 182 80
35 Isla 22 159 51
36 Jake 27 173 72
37 Kate 24 161 53
38 Liam 30 185 84
39 Mia 21 156 48
40 Noah 29 178 79
41 Opal 23 164 55
42 Peter 26 176 74
43 Queen 25 162 54
44 Ryan 28 181 82
45 Sara 22 157 50
46 Tom 27 172 71
47 Una 24 160 52
48 Vince 30 184 85
49 Willow 23 166 57
50 Zack 28 179 77